0 0 14 1 0
0 2 15 1 0
0 4 11 1 -1
1 0 13 0 1
1 3 1 2 -1
1 4 3 1 -1
2 0 16 4 -1
2 2 0 2 0
3 0 1 4 -1
3 1 2 0 -1
3 2 0 3 -1
3 3 14 4 0
3 4 1 4 0
4 0 8 0 0
5 0 0 1 1
5 4 12 0 1
6 1 6 3 0
6 3 8 1 1
7 0 19 3 1
7 1 7 0 0
7 2 10 2 0
8 0 16 3 0
8 3 14 3 0
10 0 17 3 0
10 2 1 3 0
10 3 4 0 0
11 0 15 3 -1
11 2 2 0 0
11 3 10 0 0
12 1 16 1 0
13 2 7 3 1
13 4 20 3 -1
14 0 11 2 0
14 1 7 1 -1
14 3 17 2 -1
14 4 3 2 1
15 0 3 1 -1
15 1 14 3 1
16 0 5 2 1
16 1 5 0 -1
16 3 19 2 0
17 1 8 0 0
17 3 6 2 1
19 0 15 0 0
19 1 10 2 -1
19 2 3 4 1
20 0 7 0 -1
